print 100s p distribution 
<<<<<<<<<<<<<<<<<<<<<<<<<<<<<<<<<<<<
2.343889  2.288918  2.220811  2.138197  2.061189  2.000240  1.941199  1.882360  1.823536  1.764712  1.705888  1.647065  1.588241  1.529417  1.470593  1.411770  1.352946  1.294122  1.235299  1.176475  1.117651  1.058828  1.000004  0.941180  0.882356  0.823533  0.764709  0.705885  0.647061  0.588237  0.529414  0.470590  0.411766  0.352942  0.294119  0.235295  0.176471  0.117647  0.058824  0.000000   
<<<<<<<<<<<<<<<<<<<<<<<<<<<<<<<<<<<<
print 100s s distribution 
<<<<<<<<<<<<<<<<<<<<<<<<<<<<<<<<<<<<
0.610083   0.534427   0.482192   0.417601   0.277587   0.210403   0.200973   0.200065   0.200003   0.200000   0.200000   0.200000   0.200000   0.200000   0.200000   0.200000   0.200000   0.200000   0.200000   0.200000   0.200000   0.200000   0.200000   0.200000   0.200000   0.200000   0.200000   0.200000   0.200000   0.200000   0.200000   0.200000   0.200000   0.200000   0.200000   0.200000   0.200000   0.200000   0.200000    
<<<<<<<<<<<<<<<<<<<<<<<<<<<<<<<<<<<<
print 200s p distribution 
<<<<<<<<<<<<<<<<<<<<<<<<<<<<<<<<<<<<
2.362728  2.320827  2.266374  2.205207  2.137926  2.064104  1.983206  1.896359  1.825453  1.764969  1.705905  1.647050  1.588224  1.529400  1.470577  1.411754  1.352931  1.294108  1.235285  1.176462  1.117639  1.058815  0.999992  0.941169  0.882346  0.823523  0.764700  0.705877  0.647054  0.588231  0.529408  0.470585  0.411762  0.352939  0.294116  0.235292  0.176469  0.117646  0.058823  0.000000   
<<<<<<<<<<<<<<<<<<<<<<<<<<<<<<<<<<<<
print 200s s distribution 
<<<<<<<<<<<<<<<<<<<<<<<<<<<<<<<<<<<<
0.676139   0.607693   0.563424   0.532118   0.505233   0.480317   0.451373   0.382993   0.256762   0.209163   0.201275   0.200158   0.200017   0.200002   0.200000   0.200000   0.200000   0.200000   0.200000   0.200000   0.200000   0.200000   0.200000   0.200000   0.200000   0.200000   0.200000   0.200000   0.200000   0.200000   0.200000   0.200000   0.200000   0.200000   0.200000   0.200000   0.200000   0.200000   0.200000    
<<<<<<<<<<<<<<<<<<<<<<<<<<<<<<<<<<<<
print 300s p distribution 
<<<<<<<<<<<<<<<<<<<<<<<<<<<<<<<<<<<<
2.380076  2.343547  2.297305  2.243103  2.184138  2.121198  2.054264  1.983098  1.907820  1.827911  1.741765  1.656340  1.589458  1.529584  1.470594  1.411746  1.352919  1.294096  1.235273  1.176451  1.117628  1.058806  0.999983  0.941161  0.882338  0.823516  0.764693  0.705871  0.647048  0.588226  0.529403  0.470580  0.411758  0.352935  0.294113  0.235290  0.176468  0.117645  0.058823  0.000000   
<<<<<<<<<<<<<<<<<<<<<<<<<<<<<<<<<<<<
print 300s s distribution 
<<<<<<<<<<<<<<<<<<<<<<<<<<<<<<<<<<<<
0.710083   0.651231   0.607096   0.575549   0.551100   0.531824   0.513546   0.497223   0.480868   0.462201   0.433373   0.343468   0.235321   0.206018   0.200939   0.200138   0.200019   0.200002   0.200000   0.200000   0.200000   0.200000   0.200000   0.200000   0.200000   0.200000   0.200000   0.200000   0.200000   0.200000   0.200000   0.200000   0.200000   0.200000   0.200000   0.200000   0.200000   0.200000   0.200000    
<<<<<<<<<<<<<<<<<<<<<<<<<<<<<<<<<<<<
print 400s p distribution 
<<<<<<<<<<<<<<<<<<<<<<<<<<<<<<<<<<<<
2.390155  2.356379  2.315628  2.267608  2.213542  2.155732  2.094737  2.030976  1.964255  1.894407  1.821464  1.745600  1.666305  1.582697  1.495453  1.416403  1.353680  1.294247  1.235321  1.176481  1.117654  1.058830  1.000006  0.941182  0.882358  0.823534  0.764710  0.705887  0.647063  0.588239  0.529415  0.470591  0.411767  0.352943  0.294119  0.235296  0.176472  0.117648  0.058824  0.000000   
<<<<<<<<<<<<<<<<<<<<<<<<<<<<<<<<<<<<
print 400s s distribution 
<<<<<<<<<<<<<<<<<<<<<<<<<<<<<<<<<<<<
0.730566   0.681072   0.639355   0.606873   0.582336   0.561677   0.545918   0.531809   0.517991   0.505305   0.493857   0.481636   0.467907   0.451249   0.411675   0.299146   0.220701   0.203562   0.200587   0.200094   0.200014   0.200002   0.200000   0.200000   0.200000   0.200000   0.200000   0.200000   0.200000   0.200000   0.200000   0.200000   0.200000   0.200000   0.200000   0.200000   0.200000   0.200000   0.200000    
<<<<<<<<<<<<<<<<<<<<<<<<<<<<<<<<<<<<
print 500s p distribution 
<<<<<<<<<<<<<<<<<<<<<<<<<<<<<<<<<<<<
2.400075  2.367869  2.330369  2.286890  2.237756  2.183766  2.126669  2.066912  2.004831  1.940621  1.874041  1.804978  1.733442  1.659579  1.583419  1.504558  1.422460  1.336127  1.249819  1.178813  1.118061  1.058897  1.000015  0.941182  0.882356  0.823532  0.764709  0.705885  0.647061  0.588238  0.529414  0.470590  0.411766  0.352942  0.294119  0.235295  0.176471  0.117647  0.058824  0.000000   
<<<<<<<<<<<<<<<<<<<<<<<<<<<<<<<<<<<<
print 500s s distribution 
<<<<<<<<<<<<<<<<<<<<<<<<<<<<<<<<<<<<
0.743896   0.702504   0.664738   0.632282   0.606686   0.586677   0.568950   0.554428   0.543149   0.531891   0.520755   0.510314   0.500954   0.492075   0.482337   0.471618   0.459232   0.440510   0.378984   0.260753   0.211516   0.202009   0.200341   0.200057   0.200009   0.200001   0.200000   0.200000   0.200000   0.200000   0.200000   0.200000   0.200000   0.200000   0.200000   0.200000   0.200000   0.200000   0.200000    
<<<<<<<<<<<<<<<<<<<<<<<<<<<<<<<<<<<<
print 600s p distribution 
<<<<<<<<<<<<<<<<<<<<<<<<<<<<<<<<<<<<
2.409847  2.382069  2.347036  2.306940  2.261492  2.211596  2.157654  2.101040  2.042154  1.981176  1.918451  1.853942  1.787464  1.718928  1.648328  1.575741  1.501350  1.425037  1.346506  1.265389  1.181090  1.093605  1.008662  0.942441  0.882570  0.823562  0.764707  0.705878  0.647054  0.588231  0.529408  0.470585  0.411762  0.352939  0.294116  0.235292  0.176469  0.117646  0.058823  0.000000   
<<<<<<<<<<<<<<<<<<<<<<<<<<<<<<<<<<<<
print 600s s distribution 
<<<<<<<<<<<<<<<<<<<<<<<<<<<<<<<<<<<<
0.750568   0.720804   0.684553   0.654125   0.627576   0.606546   0.589680   0.574244   0.560853   0.550311   0.541362   0.531979   0.522653   0.513773   0.505618   0.498371   0.491025   0.482969   0.474184   0.464320   0.452296   0.425323   0.335320   0.233957   0.206263   0.201098   0.200190   0.200032   0.200005   0.200001   0.200000   0.200000   0.200000   0.200000   0.200000   0.200000   0.200000   0.200000   0.200000    
<<<<<<<<<<<<<<<<<<<<<<<<<<<<<<<<<<<<
print 700s p distribution 
<<<<<<<<<<<<<<<<<<<<<<<<<<<<<<<<<<<<
2.415593  2.387815  2.354869  2.317319  2.275267  2.228584  2.178144  2.124230  2.067962  2.009720  1.949595  1.887823  1.824651  1.759939  1.693539  1.625378  1.555445  1.483787  1.410513  1.335766  1.259365  1.181090  1.100677  1.017731  0.931499  0.844663  0.768546  0.706573  0.647192  0.588269  0.529427  0.470599  0.411774  0.352949  0.294124  0.235299  0.176474  0.117650  0.058825  0.000000   
<<<<<<<<<<<<<<<<<<<<<<<<<<<<<<<<<<<<
print 700s s distribution 
<<<<<<<<<<<<<<<<<<<<<<<<<<<<<<<<<<<<
0.750573   0.737449   0.701924   0.672313   0.646543   0.624290   0.606422   0.591871   0.578265   0.565966   0.555690   0.547731   0.540118   0.532076   0.524042   0.516309   0.509091   0.502570   0.496679   0.490370   0.483511   0.476107   0.467948   0.458408   0.444879   0.401844   0.287879   0.218421   0.203332   0.200589   0.200103   0.200018   0.200003   0.200001   0.200000   0.200000   0.200000   0.200000   0.200000    
<<<<<<<<<<<<<<<<<<<<<<<<<<<<<<<<<<<<
print 800s p distribution 
<<<<<<<<<<<<<<<<<<<<<<<<<<<<<<<<<<<<
2.426107  2.398329  2.366633  2.331152  2.291634  2.248000  2.200440  2.149583  2.095689  2.039682  1.981938  1.922491  1.861494  1.799199  1.735708  1.670851  1.604515  1.536640  1.467213  1.396261  1.323856  1.250131  1.175134  1.098690  1.020627  0.940744  0.858765  0.774224  0.686584  0.600777  0.531369  0.470938  0.411823  0.352948  0.294116  0.235292  0.176469  0.117646  0.058823  0.000000   
<<<<<<<<<<<<<<<<<<<<<<<<<<<<<<<<<<<<
print 800s s distribution 
<<<<<<<<<<<<<<<<<<<<<<<<<<<<<<<<<<<<
0.750579   0.748522   0.716563   0.687971   0.663191   0.640859   0.621820   0.606313   0.593532   0.581415   0.570117   0.560271   0.552295   0.545936   0.539218   0.532167   0.525106   0.518255   0.511779   0.505817   0.500511   0.495471   0.489945   0.483984   0.477593   0.470648   0.462805   0.453205   0.434050   0.364032   0.250838   0.209725   0.201754   0.200312   0.200055   0.200010   0.200002   0.200000   0.200000    
<<<<<<<<<<<<<<<<<<<<<<<<<<<<<<<<<<<<
print 900s p distribution 
<<<<<<<<<<<<<<<<<<<<<<<<<<<<<<<<<<<<
2.431673  2.403895  2.376117  2.342700  2.305233  2.264107  2.219158  2.170896  2.119709  2.065826  2.010021  1.952668  1.893769  1.833421  1.771801  1.709137  1.645393  1.580426  1.514142  1.446491  1.377456  1.307056  1.235340  1.162392  1.088353  1.013172  0.936705  0.858816  0.779347  0.698095  0.614738  0.528695  0.441540  0.359485  0.295139  0.235476  0.176501  0.117651  0.058824  0.000000   
<<<<<<<<<<<<<<<<<<<<<<<<<<<<<<<<<<<<
print 900s s distribution 
<<<<<<<<<<<<<<<<<<<<<<<<<<<<<<<<<<<<
0.750584   0.750273   0.733495   0.702299   0.677568   0.656098   0.636437   0.619894   0.606212   0.594833   0.583944   0.573542   0.564189   0.556265   0.550033   0.544545   0.538532   0.532254   0.525950   0.519797   0.513925   0.508444   0.503459   0.499047   0.494572   0.489663   0.484398   0.478788   0.472754   0.466075   0.458261   0.447650   0.416485   0.316283   0.227258   0.205081   0.200915   0.200163   0.200029    
<<<<<<<<<<<<<<<<<<<<<<<<<<<<<<<<<<<<
print 1000s p distribution 
<<<<<<<<<<<<<<<<<<<<<<<<<<<<<<<<<<<<
2.437362  2.409585  2.381807  2.349819  2.314243  2.275164  2.232697  2.186676  2.137849  2.086395  2.032519  1.976873  1.919837  1.861390  1.801589  1.740561  1.678492  1.615539  1.551595  1.486542  1.420301  1.352828  1.284109  1.214152  1.142993  1.070693  0.997345  0.923061  0.847739  0.771263  0.693519  0.614383  0.533697  0.451233  0.366605  0.279037  0.192660  0.120429  0.059259  0.000000   
<<<<<<<<<<<<<<<<<<<<<<<<<<<<<<<<<<<<
print 1000s s distribution 
<<<<<<<<<<<<<<<<<<<<<<<<<<<<<<<<<<<<
0.750589   0.750273   0.745853   0.715773   0.690735   0.669480   0.650364   0.632953   0.618351   0.606121   0.595873   0.586016   0.576412   0.567561   0.559811   0.553406   0.548411   0.543444   0.538001   0.532336   0.526639   0.521052   0.515680   0.510612   0.505932   0.501726   0.497942   0.493888   0.489473   0.484763   0.479769   0.474441   0.468641   0.462055   0.453970   0.439599   0.387269   0.270608   0.214304    
<<<<<<<<<<<<<<<<<<<<<<<<<<<<<<<<<<<<
790 s the rim of waterflooding arrive at the product well
